# Gen	Time	Best
0	0.0140	736040
2000	7.4966	334428
4000	12.4360	196721
6000	15.3249	124074
8000	17.2339	85879
10000	18.4421	66779
12000	19.4526	60230
14000	20.2294	55836
16000	21.0498	54605
18000	21.8865	53709
20000	22.5523	53083
22000	23.2951	52517
24000	24.0752	52174
26000	24.6856	51884
28000	25.4036	51829
30000	26.0006	51723
32000	27.0566	51711
34000	28.5855	51711
36000	29.7450	51653
38000	30.9706	51653
40000	32.1913	51653
42000	33.4405	51653
44000	34.6380	51653
46000	35.8045	51653
48000	36.9685	51653
50000	38.1672	51653
52000	39.4020	51653
54000	40.5943	51653
56000	41.7573	51653
58000	42.9841	51653
60000	44.1695	51653
62000	45.3959	51653
64000	46.5637	51653
66000	47.7867	51653
68000	48.9556	51653
70000	50.1649	51653
72000	51.3195	51653
74000	52.5388	51653
76000	53.7974	51653
78000	54.9971	51653
80000	56.1868	51653
82000	57.3443	51653
84000	58.5363	51653
86000	59.6824	51653
88000	60.8872	51653
90000	62.0665	51653
92000	63.2602	51653
94000	64.4197	51653
96000	65.6175	51653
98000	66.7877	51653
100000	68.0230	51653
102000	69.1753	51653
104000	70.3511	51653
106000	71.5178	51653
108000	72.7049	51653
110000	73.8524	51653
112000	75.0423	51653
114000	76.2797	51653
116000	77.5299	51653
118000	78.7360	51653
120000	79.9247	51653
122000	81.1264	51653
124000	82.3227	51653
126000	83.5212	51653
128000	84.7559	51653
130000	86.0023	51653
132000	87.2045	51653
134000	88.4195	51653
136000	89.5985	51653
138000	90.8123	51653
140000	91.9998	51653
142000	93.2039	51653
144000	94.3817	51653
146000	95.6212	51653
148000	96.9752	51653
150000	98.1950	51653
152000	99.4331	51653
154000	100.6407	51653
156000	101.8910	51653
158000	103.0846	51653
160000	104.3319	51653
162000	105.5712	51653
164000	106.8134	51653
166000	108.0363	51653
168000	109.2595	51653
170000	110.4646	51653
172000	111.7023	51653
174000	112.9023	51653
176000	114.1098	51653
178000	115.2944	51653
180000	116.6088	51653
182000	117.8315	51653
184000	119.0309	51653
186000	120.3245	51653
188000	121.5009	51653
190000	122.7456	51653
192000	123.9428	51653
194000	125.1933	51653
196000	126.3802	51653
198000	127.6067	51653
0	128.8185	736705
2000	139.8959	331683
4000	145.1623	201123
6000	148.0524	126726
8000	149.8771	83413
10000	151.0869	66184
12000	152.1022	58496
14000	152.8842	54585
16000	153.7538	53246
18000	154.6075	52787
20000	155.4562	52677
22000	156.1274	52555
24000	157.0291	52348
26000	158.0944	52288
28000	159.3998	52288
30000	160.6898	52272
32000	162.0353	52272
34000	163.3081	52272
36000	164.5960	52272
38000	165.8861	52272
40000	167.0958	52272
42000	168.3407	52272
44000	169.5375	52272
46000	170.7576	52272
48000	171.9286	52272
50000	173.1500	52272
52000	174.3350	52272
54000	175.5798	52272
56000	176.8430	52272
58000	178.0711	52272
60000	179.2664	52272
62000	180.5138	52272
64000	181.7457	52272
66000	183.0635	52272
68000	184.3236	52272
70000	185.5167	52272
72000	186.7471	52272
74000	187.9509	52272
76000	189.1859	52272
78000	190.3703	52272
80000	191.5966	52272
82000	192.7959	52272
84000	194.0081	52272
86000	195.1742	52272
88000	196.3621	52272
90000	197.5057	52272
92000	198.7099	52272
94000	199.9227	52272
96000	201.1257	52272
98000	202.4229	52272
100000	203.6626	52272
102000	204.8703	52272
104000	206.0096	52272
106000	207.1863	52272
108000	208.3442	52272
110000	209.5199	52272
112000	210.6649	52272
114000	211.8886	52272
116000	213.0347	52272
118000	214.1980	52272
120000	215.3481	52272
122000	216.5409	52272
124000	217.7065	52272
126000	218.8839	52272
128000	220.0602	52272
130000	221.2432	52272
132000	222.4215	52272
134000	223.6115	52272
136000	224.7445	52272
138000	225.9335	52272
140000	227.0974	52272
142000	228.3118	52272
144000	229.4715	52272
146000	230.6909	52272
148000	231.8695	52272
150000	233.0740	52272
152000	234.4090	52272
154000	235.6126	52272
156000	236.9454	52272
158000	238.1071	52272
160000	239.3057	52272
162000	240.4734	52272
164000	241.6845	52272
166000	242.8551	52272
168000	244.0269	52272
170000	245.2002	52272
172000	246.4487	52272
174000	247.6092	52272
176000	248.8217	52272
178000	249.9708	52272
180000	251.1486	52272
182000	252.2989	52272
184000	253.4969	52272
186000	254.6589	52272
188000	255.8488	52272
190000	257.0361	52272
192000	258.2224	52272
194000	259.3788	52272
196000	260.6729	52272
198000	261.8924	52272
0	263.0865	727667
2000	273.7601	326190
4000	278.7348	195577
6000	281.7045	122104
8000	283.3750	83499
10000	284.5279	64585
12000	285.5104	56846
14000	286.3505	54155
16000	287.1655	53398
18000	287.8263	53197
20000	288.5835	52989
22000	289.2000	52801
24000	290.2228	52683
26000	291.5908	52682
28000	292.4597	52463
30000	293.3953	52386
32000	294.5588	52385
34000	295.7238	52300
36000	296.9155	52286
38000	298.0843	52256
40000	299.3028	52230
42000	300.6346	52230
44000	301.8358	52185
46000	303.0115	52185
48000	304.1769	52185
50000	305.4242	52185
52000	306.6186	52185
54000	307.8183	52185
56000	309.0269	52185
58000	310.1891	52185
60000	311.3448	52185
62000	312.5684	52185
64000	313.7220	52185
66000	314.9056	52185
68000	316.0809	52185
70000	317.2662	52185
72000	318.4181	52185
74000	319.6056	52185
76000	320.8305	52185
78000	322.0316	52185
80000	323.2565	52185
82000	324.4077	52185
84000	325.6157	52185
86000	326.8067	52185
88000	328.0088	52185
90000	329.1554	52185
92000	330.3582	52185
94000	331.5134	52185
96000	332.7044	52185
98000	333.8610	52185
100000	335.0658	52185
102000	336.2625	52185
104000	337.4321	52185
106000	338.6021	52185
108000	339.7745	52185
110000	340.9476	52185
112000	342.1443	52185
114000	343.3131	52185
116000	344.6399	52185
118000	345.9498	52185
120000	347.1736	52185
122000	348.4036	52185
124000	349.6170	52185
126000	350.8319	52185
128000	351.9934	52185
130000	353.1890	52185
132000	354.3668	52185
134000	355.5614	52185
136000	356.7278	52185
138000	357.9634	52185
140000	359.1562	52185
142000	360.3850	52185
144000	361.7021	52185
146000	362.9272	52185
148000	364.0965	52185
150000	365.3008	52185
152000	366.5015	52185
154000	367.6765	52185
156000	368.9472	52185
158000	370.2875	52185
160000	371.5212	52185
162000	372.7230	52185
164000	373.9500	52185
166000	375.1193	52185
168000	376.3537	52185
170000	377.5309	52185
172000	378.8219	52185
174000	380.0366	52185
176000	381.2753	52185
178000	382.4958	52185
180000	383.7600	52185
182000	385.0452	52185
184000	386.2944	52185
186000	387.5582	52185
188000	388.8673	52185
190000	390.1261	52185
192000	391.3347	52185
194000	392.7206	52185
196000	393.9724	52185
198000	395.1638	52185
0	396.4399	724667
2000	407.1008	328465
4000	412.1207	193304
6000	414.9884	126612
8000	416.8011	86167
10000	418.0000	65063
12000	418.8548	57838
14000	419.8169	55495
16000	420.6435	54702
18000	421.4887	53747
20000	422.1885	53384
22000	422.9385	53148
24000	423.6984	53039
26000	424.3280	52742
28000	425.0388	52579
30000	425.6587	52374
32000	426.4138	52344
34000	427.1696	52295
36000	427.7497	52238
38000	428.4736	52238
40000	429.5046	52238
42000	430.7202	52238
44000	431.8887	52238
46000	433.0737	52238
48000	434.2164	52238
50000	435.3888	52238
52000	436.5004	52238
54000	437.7345	52238
56000	438.8893	52238
58000	440.0415	52238
60000	441.2078	52238
62000	442.3604	52238
64000	443.5392	52238
66000	444.7483	52238
68000	445.9388	52238
70000	447.2473	52238
72000	448.4864	52238
74000	449.6785	52238
76000	450.8943	52238
78000	452.0616	52238
80000	453.2691	52238
82000	454.4656	52238
84000	455.7061	52238
86000	456.9016	52238
88000	458.1303	52238
90000	459.3481	52238
92000	460.5815	52238
94000	461.7463	52238
96000	462.9552	52238
98000	464.1197	52238
100000	465.3329	52238
102000	466.5203	52238
104000	467.7308	52238
106000	468.9759	52238
108000	470.1661	52238
110000	471.4196	52238
112000	472.5856	52238
114000	473.7924	52238
116000	474.9945	52238
118000	476.2394	52238
120000	477.4329	52238
122000	478.6526	52238
124000	479.8689	52238
126000	481.1824	52238
128000	482.4471	52238
130000	483.7466	52238
132000	484.9862	52238
134000	486.3584	52238
136000	487.5544	52238
138000	488.7201	52238
140000	489.9264	52238
142000	491.1192	52238
144000	492.3286	52238
146000	493.5152	52238
148000	494.7874	52238
150000	495.9805	52238
152000	497.1892	52238
154000	498.3674	52238
156000	499.5934	52238
158000	500.7575	52238
160000	501.9697	52238
162000	503.1309	52238
164000	504.3389	52238
166000	505.4861	52238
168000	506.6902	52238
170000	507.9026	52238
172000	509.2690	52238
174000	510.4703	52238
176000	511.7116	52238
178000	513.0060	52238
180000	514.1951	52238
182000	515.4119	52238
184000	516.6303	52238
186000	517.8109	52238
188000	518.9591	52238
190000	520.1678	52238
192000	521.3211	52238
194000	522.5130	52238
196000	523.6822	52238
198000	524.9557	52238
0	526.1758	739921
2000	537.3069	329321
4000	542.5697	198531
6000	545.4818	124963
8000	547.3565	84115
10000	548.5954	64845
12000	549.6205	57958
14000	550.5092	55658
16000	551.2306	55039
18000	552.0710	54072
20000	552.8349	53556
22000	553.4825	52958
24000	554.2779	52487
26000	555.0400	52272
28000	555.9749	52201
30000	557.0000	52162
32000	558.2917	52162
34000	559.7938	52104
36000	561.0879	52104
38000	562.3554	52104
40000	563.6334	52104
42000	564.8971	52104
44000	566.1629	52104
46000	567.3696	52104
48000	568.6150	52104
50000	569.7985	52104
52000	571.1502	52104
54000	572.3494	52104
56000	573.5506	52104
58000	574.7844	52104
60000	575.9720	52104
62000	577.1749	52104
64000	578.3787	52104
66000	579.5812	52104
68000	580.7576	52104
70000	582.0169	52104
72000	583.2064	52104
74000	584.4920	52104
76000	585.7055	52104
78000	586.9293	52104
80000	588.1726	52104
82000	589.3959	52104
84000	590.6273	52104
86000	591.8513	52104
88000	593.1225	52104
90000	594.3083	52104
92000	595.5471	52104
94000	596.7359	52104
96000	597.9513	52104
98000	599.1359	52104
100000	600.3762	52104
102000	601.7166	52104
104000	602.9454	52104
106000	604.1779	52104
108000	605.4101	52104
110000	606.6565	52104
112000	607.8777	52104
114000	609.1281	52104
116000	610.3417	52104
118000	611.6146	52104
120000	613.2486	52104
122000	614.5323	52104
124000	615.8877	52104
126000	616.6334	52104
128000	617.2861	52104
130000	617.9511	52104
132000	618.5578	52104
134000	619.1557	52104
136000	619.7786	52104
138000	620.4561	52104
140000	621.0630	52104
142000	621.7156	52104
144000	622.3579	52104
146000	622.9797	52104
148000	623.6018	52104
150000	624.2145	52104
152000	624.8298	52104
154000	625.4118	52104
156000	626.0263	52104
158000	626.6393	52104
160000	627.2739	52104
162000	627.8682	52104
164000	628.4827	52104
166000	629.1329	52104
168000	629.7346	52104
170000	630.3639	52104
172000	630.9749	52104
174000	631.6011	52104
176000	632.2082	52104
178000	632.7932	52104
180000	633.4037	52104
182000	634.0122	52104
184000	634.6043	52104
186000	635.2147	52104
188000	635.8271	52104
190000	636.4275	52104
192000	637.0699	52104
194000	637.7042	52104
196000	638.3435	52104
198000	638.9650	52104
0	639.6239	737740
2000	645.0102	324912
4000	647.2866	190481
6000	648.6599	119408
8000	649.5505	83588
10000	650.1768	65319
12000	650.6488	57406
14000	651.1113	54857
16000	651.5393	54236
18000	651.9336	53689
20000	652.3076	53432
22000	652.6748	53017
24000	653.1039	52889
26000	653.5010	52534
28000	653.9108	52187
30000	654.2832	52152
32000	654.7197	52123
34000	655.2161	52063
36000	655.7929	52063
38000	656.4167	52007
40000	657.0471	52007
42000	657.6690	52007
44000	658.3368	52007
46000	658.9562	52007
48000	659.5861	52007
50000	660.2184	52007
52000	660.8510	52007
54000	661.4817	52007
56000	662.0909	52007
58000	662.7227	52007
60000	663.3507	52007
62000	663.9590	52007
64000	664.5706	52007
66000	665.2266	52007
68000	665.8118	52007
70000	666.4234	52007
72000	667.0537	52007
74000	667.6823	52007
76000	668.2996	52007
78000	668.9267	52007
80000	669.5560	52007
82000	670.1616	52007
84000	670.7736	52007
86000	671.3715	52007
88000	672.0127	52007
90000	672.6283	52007
92000	673.2284	52007
94000	673.8393	52007
96000	674.4676	52007
98000	675.0841	52007
100000	675.6736	52007
102000	676.3385	52007
104000	676.9403	52007
106000	677.5908	52007
108000	678.2238	52007
110000	678.8533	52007
112000	679.4790	52007
114000	680.0857	52007
116000	680.7009	52007
118000	681.3132	52007
120000	681.8910	52007
122000	682.5371	52007
124000	683.1563	52007
126000	683.7890	52007
128000	684.4171	52007
130000	685.0721	52007
132000	685.6838	52007
134000	686.3150	52007
136000	686.9074	52007
138000	687.5441	52007
140000	688.1224	52007
142000	688.7738	52007
144000	689.4140	52007
146000	690.0463	52007
148000	690.6676	52007
150000	691.3002	52007
152000	691.9553	52007
154000	692.5995	52007
156000	693.1990	52007
158000	693.8231	52007
160000	694.4387	52007
162000	695.0527	52007
164000	695.6833	52007
166000	696.2995	52007
168000	696.9136	52007
170000	697.5947	52007
172000	698.2372	52007
174000	698.8354	52007
176000	699.4467	52007
178000	700.0495	52007
180000	700.6682	52007
182000	701.2919	52007
184000	701.9119	52007
186000	702.5139	52007
188000	703.1695	52007
190000	703.7941	52007
192000	704.4083	52007
194000	705.0561	52007
196000	705.6956	52007
198000	706.2932	52007
0	706.9612	730753
2000	712.5501	331124
4000	715.0431	190734
6000	716.5355	124865
8000	717.4098	86047
10000	718.0672	67410
12000	718.5650	58057
14000	719.0205	54437
16000	719.4360	53462
18000	719.8110	53176
20000	720.2014	52992
22000	720.5929	52886
24000	720.9718	52751
26000	721.3166	52492
28000	721.7536	52184
30000	722.2695	52184
32000	722.8987	52181
34000	723.5077	52181
36000	724.1621	52181
38000	724.8730	52181
40000	725.5033	52181
42000	726.0944	52181
44000	726.7469	52181
46000	727.3705	52181
48000	727.9984	52181
50000	728.6263	52181
52000	729.2627	52181
54000	729.8995	52181
56000	730.5205	52181
58000	731.1657	52181
60000	731.8305	52181
62000	732.4870	52181
64000	733.1534	52181
66000	733.8064	52181
68000	734.4446	52181
70000	735.0675	52181
72000	735.6903	52181
74000	736.3018	52181
76000	736.9380	52181
78000	737.5601	52181
80000	738.2228	52181
82000	738.8488	52181
84000	739.4863	52181
86000	740.1588	52181
88000	740.8390	52181
90000	741.4385	52181
92000	742.0700	52181
94000	742.6824	52181
96000	743.3361	52181
98000	743.9841	52181
100000	744.6141	52181
102000	745.2806	52181
104000	745.8675	52181
106000	746.5054	52181
108000	747.1045	52181
110000	747.7462	52181
112000	748.3573	52181
114000	748.9859	52181
116000	749.5984	52181
118000	750.2360	52181
120000	750.8288	52181
122000	751.4382	52181
124000	752.0607	52181
126000	752.6587	52181
128000	753.2745	52181
130000	753.9313	52181
132000	754.4932	52181
134000	755.1035	52181
136000	755.7059	52181
138000	756.2961	52181
140000	756.8864	52181
142000	757.4973	52181
144000	758.1211	52181
146000	758.7451	52181
148000	759.3654	52181
150000	760.0052	52181
152000	760.6261	52181
154000	761.2404	52181
156000	761.8703	52181
158000	762.4905	52181
160000	763.0936	52181
162000	763.6999	52181
164000	764.3042	52181
166000	764.9894	52181
168000	765.6418	52181
170000	766.2435	52181
172000	766.8511	52181
174000	767.4757	52181
176000	768.0836	52181
178000	768.7009	52181
180000	769.3118	52181
182000	769.9195	52181
184000	770.5212	52181
186000	771.1883	52181
188000	771.8104	52181
190000	772.4303	52181
192000	773.0633	52181
194000	773.7304	52181
196000	774.3422	52181
198000	774.9630	52181
0	775.5567	729344
2000	781.0321	324489
4000	783.3432	196001
6000	784.7558	123463
8000	785.6012	83538
10000	786.2222	64771
12000	786.6885	58258
14000	787.1429	55556
16000	787.5434	53337
18000	787.9165	52925
20000	788.3241	52413
22000	788.7156	52319
24000	789.0860	52083
26000	789.4838	51989
28000	789.9563	51975
30000	790.3535	51975
32000	790.9460	51933
34000	791.5505	51933
36000	792.1942	51933
38000	792.8263	51933
40000	793.4454	51933
42000	794.0477	51933
44000	794.6928	51933
46000	795.3361	51933
48000	795.9851	51933
50000	796.5843	51933
52000	797.1997	51933
54000	797.8210	51933
56000	798.4857	51933
58000	799.1000	51933
60000	799.7517	51933
62000	800.3859	51933
64000	801.0173	51933
66000	801.6561	51933
68000	802.3398	51933
70000	802.9772	51933
72000	803.6177	51933
74000	804.2554	51933
76000	804.9336	51933
78000	805.5499	51933
80000	806.2154	51933
82000	806.8698	51933
84000	807.5096	51933
86000	808.1793	51933
88000	808.7666	51933
90000	809.4097	51933
92000	810.0476	51933
94000	810.7046	51933
96000	811.3326	51933
98000	811.9464	51933
100000	812.5461	51933
102000	813.1981	51933
104000	813.8373	51933
106000	814.4723	51933
108000	815.1013	51933
110000	815.7437	51933
112000	816.3619	51933
114000	817.0131	51933
116000	817.6341	51933
118000	818.2752	51933
120000	818.8945	51933
122000	819.5164	51933
124000	820.1635	51933
126000	820.7822	51933
128000	821.3885	51933
130000	822.0210	51933
132000	822.6619	51933
134000	823.2603	51933
136000	823.8779	51933
138000	824.5213	51933
140000	825.1398	51933
142000	825.7750	51933
144000	826.4159	51933
146000	827.0796	51933
148000	827.6970	51933
150000	828.3158	51933
152000	828.9579	51933
154000	829.5787	51933
156000	830.1980	51933
158000	830.8413	51933
160000	831.4743	51933
162000	832.0939	51933
164000	832.7158	51933
166000	833.3317	51933
168000	833.9928	51933
170000	834.5831	51933
172000	835.2392	51933
174000	835.9003	51933
176000	836.5074	51933
178000	837.1303	51933
180000	837.7876	51933
182000	838.4075	51933
184000	839.0495	51933
186000	839.7032	51933
188000	840.3717	51933
190000	841.0242	51933
192000	841.6537	51933
194000	842.2746	51933
196000	842.8927	51933
198000	843.5102	51933
0	844.1324	736762
2000	849.7743	332103
4000	852.1955	188719
6000	853.6771	123317
8000	854.5149	85193
10000	855.1413	66149
12000	855.6528	58618
14000	856.1149	56041
16000	856.5136	54545
18000	856.9174	54023
20000	857.3097	53559
22000	857.7001	52475
24000	858.1031	52096
26000	858.4875	51955
28000	859.0021	51871
30000	859.5519	51871
32000	860.1337	51871
34000	860.7176	51871
36000	861.3468	51871
38000	861.9604	51871
40000	862.6194	51871
42000	863.2383	51871
44000	863.8771	51871
46000	864.5598	51871
48000	865.1989	51871
50000	865.8424	51871
52000	866.4590	51871
54000	867.0942	51871
56000	867.7117	51871
58000	868.3526	51871
60000	869.0067	51871
62000	869.6314	51871
64000	870.2356	51871
66000	870.8518	51871
68000	871.5192	51871
70000	872.1598	51871
72000	872.7829	51871
74000	873.4732	51871
76000	874.1081	51871
78000	874.7659	51871
80000	875.4532	51871
82000	876.1501	51871
84000	876.7743	51871
86000	877.4291	51871
88000	878.0860	51871
90000	878.7319	51871
92000	879.3724	51871
94000	879.9756	51871
96000	880.6545	51871
98000	881.2930	51871
100000	881.9212	51871
102000	882.5269	51871
104000	883.1662	51871
106000	883.7765	51871
108000	884.4145	51871
110000	885.0569	51871
112000	885.6767	51871
114000	886.3019	51871
116000	886.9422	51871
118000	887.5665	51871
120000	888.1791	51871
122000	888.7874	51871
124000	889.4689	51871
126000	890.0618	51871
128000	890.6807	51871
130000	891.3260	51871
132000	891.9955	51871
134000	892.6295	51871
136000	893.2817	51871
138000	893.9462	51871
140000	894.5641	51871
142000	895.1643	51871
144000	895.8104	51871
146000	896.4542	51871
148000	897.0954	51871
150000	897.7186	51871
152000	898.3803	51871
154000	898.9864	51871
156000	899.6068	51871
158000	900.2006	51871
160000	900.8639	51871
162000	901.4551	51871
164000	902.1096	51871
166000	902.7365	51871
168000	903.3587	51871
170000	903.9778	51871
172000	904.6129	51871
174000	905.2845	51871
176000	905.9385	51871
178000	906.5623	51871
180000	907.2206	51871
182000	907.8830	51871
184000	908.4938	51871
186000	909.1296	51871
188000	909.7753	51871
190000	910.4238	51871
192000	911.0409	51871
194000	911.6990	51871
196000	912.3479	51871
198000	912.9732	51871
0	913.6095	731043
2000	919.1424	318442
4000	921.4354	188866
6000	922.8385	119817
8000	923.6756	85005
10000	924.2988	64773
12000	924.8243	57582
14000	925.3149	54241
16000	925.7466	53395
18000	926.1453	53072
20000	926.5135	52990
22000	926.8672	52822
24000	927.2569	52733
26000	927.6679	52706
28000	928.2175	52684
30000	928.8495	52644
32000	929.5292	52621
34000	930.1287	52621
36000	930.7291	52621
38000	931.3446	52621
40000	931.9701	52621
42000	932.6084	52621
44000	933.2131	52621
46000	933.8494	52621
48000	934.4633	52621
50000	935.0919	52621
52000	935.7062	52621
54000	936.3586	52621
56000	937.0020	52621
58000	937.6230	52621
60000	938.2515	52621
62000	938.8941	52621
64000	939.5125	52621
66000	940.1393	52621
68000	940.7855	52621
70000	941.4165	52621
72000	942.0271	52621
74000	942.6731	52621
76000	943.3124	52621
78000	943.9554	52621
80000	944.5734	52621
82000	945.2338	52621
84000	945.8854	52621
86000	946.4915	52621
88000	947.1304	52621
90000	947.7781	52621
92000	948.3915	52621
94000	949.0164	52621
96000	949.6270	52621
98000	950.2559	52621
100000	950.8752	52621
102000	951.5110	52621
104000	952.1401	52621
106000	952.7591	52621
108000	953.3774	52621
110000	954.0271	52621
112000	954.6887	52621
114000	955.3179	52621
116000	955.9591	52621
118000	956.5939	52621
120000	957.2199	52621
122000	957.8518	52621
124000	958.4947	52621
126000	959.1236	52621
128000	959.7169	52621
130000	960.3249	52621
132000	961.0104	52621
134000	961.6273	52621
136000	962.2804	52621
138000	962.8895	52621
140000	963.5792	52621
142000	964.2301	52621
144000	964.8789	52621
146000	965.5356	52621
148000	966.1683	52621
150000	966.7689	52621
152000	967.4271	52621
154000	968.0921	52621
156000	968.7129	52621
158000	969.3440	52621
160000	969.9997	52621
162000	970.6398	52621
164000	971.2817	52621
166000	971.9016	52621
168000	972.6008	52621
170000	973.2525	52621
172000	973.8928	52621
174000	974.5476	52621
176000	975.1898	52621
178000	975.8076	52621
180000	976.4187	52621
182000	977.1007	52621
184000	977.7188	52621
186000	978.3599	52621
188000	979.0251	52621
190000	979.6683	52621
192000	980.2873	52621
194000	980.9477	52621
196000	981.5783	52621
198000	982.2181	52621
