# Gen	Time	Best
0	0.0169	726780
2000	5.5194	332829
4000	11.0076	212377
6000	14.0204	137871
8000	16.1729	97140
10000	17.5245	74755
12000	18.6948	64133
14000	19.6338	58467
16000	20.6106	56214
18000	21.5238	54878
20000	22.2591	53652
22000	23.1240	53307
24000	23.9167	53212
26000	24.5768	53036
28000	25.3915	53002
30000	26.0474	52737
32000	26.8575	52464
34000	27.7015	52464
36000	28.4656	52464
38000	29.2289	52464
40000	30.1417	52431
42000	30.7737	52370
44000	31.5621	52350
46000	32.4570	52186
48000	33.2030	52158
50000	34.0056	52158
52000	34.8355	52158
54000	35.8127	52126
56000	36.5652	52120
58000	37.4231	52120
60000	38.3315	52120
62000	39.1317	52039
64000	39.9656	52029
66000	40.7736	52029
68000	41.7535	52029
70000	42.5442	52029
72000	43.4669	51997
74000	44.3337	51997
76000	44.9328	51920
78000	45.6888	51920
80000	46.6359	51920
82000	47.4317	51920
84000	48.3240	51920
86000	49.0712	51920
88000	49.7656	51920
90000	50.6381	51920
92000	51.5488	51920
94000	52.1872	51920
96000	53.2157	51920
98000	53.9975	51854
100000	54.7607	51854
102000	55.4998	51854
104000	56.2652	51854
106000	57.0440	51854
108000	57.9505	51854
110000	58.7900	51854
112000	59.4792	51854
114000	60.3603	51801
116000	61.2223	51801
118000	61.8792	51801
120000	62.7356	51801
122000	63.6277	51801
124000	64.2744	51801
126000	65.2955	51801
128000	66.0864	51801
130000	66.8040	51801
132000	67.5852	51801
134000	68.3535	51801
136000	69.0710	51801
138000	69.9151	51801
140000	70.8632	51801
142000	71.5884	51801
144000	72.4867	51801
146000	73.3080	51801
148000	74.0078	51801
150000	74.9131	51801
152000	75.7570	51801
154000	76.7053	51801
156000	77.4014	51801
158000	78.2425	51801
160000	79.0942	51801
162000	79.8182	51801
164000	80.6807	51801
166000	81.5427	51801
168000	82.1933	51801
170000	83.0117	51801
172000	83.9074	51801
174000	84.6924	51801
176000	85.5556	51801
178000	86.3865	51801
180000	87.0713	51801
182000	87.8447	51801
184000	88.7197	51801
186000	89.4081	51801
188000	90.3136	51801
190000	91.2570	51801
192000	91.9727	51645
194000	92.8988	51645
196000	93.8245	51645
198000	94.7234	51645
0	95.4931	729546
2000	108.2062	338482
4000	113.5815	209269
6000	116.8613	135615
8000	118.9173	97889
10000	120.3840	72965
12000	121.5834	63654
14000	122.6165	58039
16000	123.6652	55525
18000	124.3711	53721
20000	125.2065	53233
22000	126.0981	53147
24000	126.9209	52900
26000	127.7498	52597
28000	128.7520	52538
30000	129.7094	52420
32000	130.5878	52420
34000	131.4226	52402
36000	132.2589	52315
38000	132.9922	52315
40000	133.8395	52315
42000	134.6527	52223
44000	135.4404	52217
46000	136.3267	52217
48000	137.2596	52217
50000	138.2081	52189
52000	138.9810	52182
54000	139.7673	52182
56000	140.6210	52160
58000	141.3583	52119
60000	142.1741	52119
62000	143.1529	52095
64000	144.1329	52095
66000	144.7791	52055
68000	145.6404	51938
70000	146.5364	51903
72000	147.2556	51878
74000	148.2296	51878
76000	149.0723	51878
78000	149.8219	51878
80000	150.7241	51878
82000	151.5830	51878
84000	152.2779	51878
86000	153.1411	51878
88000	154.0592	51878
90000	154.8727	51878
92000	155.6007	51878
94000	156.5519	51878
96000	157.5774	51878
98000	158.4812	51878
100000	159.2162	51878
102000	160.2455	51878
104000	161.2600	51878
106000	162.1850	51878
108000	162.8421	51878
110000	163.8384	51878
112000	164.7462	51878
114000	165.4407	51878
116000	166.4351	51878
118000	167.3003	51878
120000	168.2171	51878
122000	168.9702	51878
124000	169.9278	51878
126000	170.7688	51878
128000	171.7916	51878
130000	172.4657	51878
132000	173.3089	51878
134000	174.2411	51878
136000	175.0174	51878
138000	175.9194	51878
140000	176.8325	51878
142000	177.8759	51878
144000	178.5241	51878
146000	179.3031	51878
148000	180.2036	51821
150000	180.9743	51821
152000	181.9110	51821
154000	182.7608	51821
156000	183.7284	51821
158000	184.4379	51739
160000	185.2818	51739
162000	186.1386	51739
164000	186.8676	51739
166000	187.8300	51739
168000	188.7329	51739
170000	189.6368	51739
172000	190.3609	51739
174000	191.2070	51739
176000	192.0975	51739
178000	192.8104	51739
180000	193.7151	51739
182000	194.5530	51739
184000	195.5192	51739
186000	196.3762	51739
188000	197.1767	51739
190000	197.6127	51739
192000	197.9305	51739
194000	198.1989	51739
196000	198.4759	51700
198000	198.7573	51700
0	199.1396	731248
2000	203.2706	337318
4000	205.0737	212742
6000	206.1233	145779
8000	206.8855	99215
10000	207.3465	75089
12000	207.7681	63042
14000	208.1058	57114
16000	208.4099	55297
18000	208.7128	54230
20000	209.0226	52895
22000	209.3092	52678
24000	209.5854	52377
26000	209.8719	52345
28000	210.1775	52328
30000	210.4523	52231
32000	210.7252	52074
34000	211.0049	51987
36000	211.3258	51862
38000	211.5913	51799
40000	211.8871	51799
42000	212.1585	51799
44000	212.4571	51799
46000	212.7265	51799
48000	213.0047	51799
50000	213.2857	51799
52000	213.5635	51796
54000	213.8445	51796
56000	214.1074	51744
58000	214.3869	51744
60000	214.6622	51744
62000	214.9441	51744
64000	215.2231	51744
66000	215.5286	51744
68000	215.8025	51744
70000	216.1525	51744
72000	216.4219	51744
74000	216.6896	51744
76000	216.9603	51744
78000	217.2378	51744
80000	217.5470	51744
82000	217.8329	51744
84000	218.1091	51744
86000	218.3829	51744
88000	218.7242	51744
90000	218.9899	51744
92000	219.2549	51744
94000	219.5478	51744
96000	219.8755	51744
98000	220.1429	51744
100000	220.4272	51744
102000	220.7024	51611
104000	221.0065	51419
106000	221.2960	51399
108000	221.5722	51399
110000	221.8525	51399
112000	222.1595	51399
114000	222.4494	51399
116000	222.7204	51367
118000	222.9973	51367
120000	223.2771	51367
122000	223.6028	51367
124000	223.8678	51367
126000	224.1494	51367
128000	224.4510	51367
130000	224.7400	51367
132000	225.0245	51367
134000	225.2958	51367
136000	225.5663	51367
138000	225.8433	51367
140000	226.1257	51367
142000	226.3986	51367
144000	226.6751	51367
146000	226.9506	51367
148000	227.2374	51367
150000	227.5144	51367
152000	227.7947	51367
154000	228.0618	51367
156000	228.3271	51367
158000	228.6129	51367
160000	228.9067	51367
162000	229.1656	51367
164000	229.4281	51367
166000	229.7904	51367
168000	230.0873	51367
170000	230.3941	51367
172000	230.6637	51367
174000	230.9467	51367
176000	231.2190	51367
178000	231.4833	51367
180000	231.7502	51367
182000	232.0106	51367
184000	232.3570	51367
186000	232.6292	51367
188000	232.9172	51367
190000	233.2061	51367
192000	233.5076	51367
194000	233.7835	51296
196000	234.0737	51296
198000	234.3536	51296
0	234.6347	728309
2000	239.1353	337041
4000	241.1943	213333
6000	242.2968	141952
8000	242.9860	99086
10000	243.4963	74922
12000	243.8615	63366
14000	244.1914	57449
16000	244.5028	55004
18000	244.8090	53560
20000	245.1279	53236
22000	245.4134	52981
24000	245.7044	52867
26000	245.9933	52743
28000	246.3025	52743
30000	246.5812	52743
32000	246.8700	52743
34000	247.1991	52353
36000	247.4815	52353
38000	247.7535	52353
40000	248.0333	52353
42000	248.3449	52331
44000	248.6369	52326
46000	248.9183	52307
48000	249.1959	52307
50000	249.5182	52190
52000	249.8266	52106
54000	250.0932	52101
56000	250.3681	52101
58000	250.6655	52101
60000	250.9607	52101
62000	251.2390	52099
64000	251.5199	52099
66000	251.8041	52040
68000	252.0866	51761
70000	252.3747	51761
72000	252.6726	51761
74000	252.9781	51761
76000	253.2893	51761
78000	253.5887	51761
80000	253.8685	51761
82000	254.1461	51761
84000	254.4505	51747
86000	254.7340	51747
88000	255.0020	51747
90000	255.2763	51747
92000	255.5379	51747
94000	255.8553	51747
96000	256.1183	51747
98000	256.3837	51747
100000	256.6473	51747
102000	256.9610	51747
104000	257.2592	51747
106000	257.5376	51747
108000	257.8343	51747
110000	258.1975	51747
112000	258.4885	51747
114000	258.7803	51747
116000	259.0742	51747
118000	259.3625	51747
120000	259.6630	51747
122000	259.9715	51747
124000	260.2577	51747
126000	260.5425	51747
128000	260.8222	51747
130000	261.0999	51747
132000	261.3833	51747
134000	261.6553	51747
136000	261.9628	51747
138000	262.2532	51747
140000	262.5369	51747
142000	262.8107	51747
144000	263.0677	51747
146000	263.3574	51747
148000	263.6355	51747
150000	263.9116	51747
152000	264.2123	51747
154000	264.5250	51747
156000	264.8190	51747
158000	265.0995	51747
160000	265.3721	51747
162000	265.7073	51747
164000	265.9897	51747
166000	266.2899	51747
168000	266.5784	51747
170000	266.9095	51747
172000	267.1885	51747
174000	267.4661	51747
176000	267.7628	51747
178000	268.1073	51747
180000	268.4054	51747
182000	268.6807	51747
184000	268.9714	51747
186000	269.3254	51747
188000	269.6222	51747
190000	269.9108	51747
192000	270.1948	51747
194000	270.4985	51747
196000	270.7793	51747
198000	271.0447	51747
0	271.3199	704153
2000	275.6687	337164
4000	277.5563	212339
6000	278.5916	140466
8000	279.2565	97939
10000	279.7128	72256
12000	280.0807	63531
14000	280.4337	58176
16000	280.7232	55450
18000	281.0105	54714
20000	281.3083	54105
22000	281.6350	53836
24000	281.9504	53666
26000	282.2411	53241
28000	282.5220	52971
30000	282.8528	52863
32000	283.1365	52863
34000	283.4106	52729
36000	283.6965	52333
38000	284.0476	52209
40000	284.3267	52183
42000	284.5951	52122
44000	284.8839	52029
46000	285.1739	52029
48000	285.4669	52029
50000	285.7590	52029
52000	286.0577	52029
54000	286.3436	52029
56000	286.6285	52029
58000	286.9030	52029
60000	287.1826	52029
62000	287.4859	52029
64000	287.8038	52029
66000	288.0955	51986
68000	288.3621	51986
70000	288.6355	51961
72000	288.9797	51961
74000	289.2545	51961
76000	289.5270	51961
78000	289.8032	51961
80000	290.1360	51961
82000	290.4243	51961
84000	290.6916	51961
86000	290.9697	51946
88000	291.2379	51907
90000	291.5132	51889
92000	291.7916	51889
94000	292.0800	51889
96000	292.3536	51889
98000	292.6837	51889
100000	292.9535	51889
102000	293.2438	51889
104000	293.5192	51889
106000	293.8240	51889
108000	294.0951	51889
110000	294.3645	51889
112000	294.6456	51889
114000	294.9270	51889
116000	295.2221	51889
118000	295.4889	51889
120000	295.7773	51889
122000	296.0729	51875
124000	296.3554	51875
126000	296.6366	51875
128000	296.9322	51875
130000	297.2091	51875
132000	297.5126	51875
134000	297.8009	51875
136000	298.0765	51875
138000	298.3531	51875
140000	298.6510	51875
142000	298.9634	51875
144000	299.2221	51875
146000	299.4877	51875
148000	299.7791	51875
150000	300.0823	51875
152000	300.3476	51875
154000	300.6212	51875
156000	300.8846	51875
158000	301.2023	51875
160000	301.5060	51875
162000	301.7870	51875
164000	302.0632	51875
166000	302.3510	51875
168000	302.6358	51875
170000	302.9187	51875
172000	303.1885	51875
174000	303.4715	51875
176000	303.7601	51875
178000	304.0320	51875
180000	304.3282	51875
182000	304.6094	51875
184000	304.8995	51875
186000	305.2035	51875
188000	305.5197	51875
190000	305.8062	51875
192000	306.0870	51875
194000	306.3672	51875
196000	306.6359	51875
198000	306.8982	51742
0	307.1624	727359
2000	311.3307	333751
4000	313.1018	215172
6000	314.1741	144629
8000	314.8480	101829
10000	315.2950	77424
12000	315.6600	64967
14000	316.0259	59327
16000	316.3261	56374
18000	316.6301	54677
20000	316.9383	53981
22000	317.2370	53633
24000	317.5141	53017
26000	317.7921	52997
28000	318.0637	52753
30000	318.3567	52672
32000	318.6392	52464
34000	318.9182	52364
36000	319.1812	52323
38000	319.5108	52190
40000	319.7909	52163
42000	320.0674	52081
44000	320.3246	52081
46000	320.6414	52081
48000	320.9307	52081
50000	321.1873	52081
52000	321.4532	52081
54000	321.7172	52017
56000	321.9928	52017
58000	322.2556	52017
60000	322.5230	52017
62000	322.7932	51867
64000	323.0758	51782
66000	323.3459	51782
68000	323.6181	51782
70000	323.8960	51750
72000	324.1711	51750
74000	324.4448	51750
76000	324.7119	51750
78000	324.9833	51750
80000	325.2694	51750
82000	325.5957	51750
84000	325.9314	51750
86000	326.2333	51750
88000	326.5006	51750
90000	326.7690	51732
92000	327.0501	51732
94000	327.3569	51732
96000	327.6302	51732
98000	327.8922	51732
100000	328.1582	51732
102000	328.4369	51732
104000	328.7034	51732
106000	328.9715	51732
108000	329.2412	51732
110000	329.5198	51732
112000	329.8018	51732
114000	330.0783	51732
116000	330.3483	51732
118000	330.6114	51732
120000	330.8976	51732
122000	331.1609	51732
124000	331.4257	51732
126000	331.6933	51670
128000	331.9823	51609
130000	332.2598	51609
132000	332.5166	51578
134000	332.7816	51578
136000	333.0384	51424
138000	333.3133	51343
140000	333.5692	51343
142000	333.8272	51343
144000	334.0971	51343
146000	334.3854	51343
148000	334.6947	51343
150000	334.9617	51343
152000	335.2204	51343
154000	335.4857	51343
156000	335.7820	51343
158000	336.0802	51343
160000	336.3684	51343
162000	336.6384	51343
164000	336.9386	51343
166000	337.2103	51343
168000	337.4832	51343
170000	337.7480	51343
172000	338.0359	51343
174000	338.3122	51343
176000	338.5848	51343
178000	338.8518	51343
180000	339.1109	51343
182000	339.4120	51343
184000	339.6760	51343
186000	339.9322	51343
188000	340.1909	51343
190000	340.4476	51343
192000	340.7226	51343
194000	340.9922	51343
196000	341.2567	51343
198000	341.5159	51343
0	341.8590	735272
2000	345.8564	332182
4000	347.5763	213960
6000	348.6359	138203
8000	349.2706	98788
10000	349.7170	75876
12000	350.0782	63965
14000	350.4222	58136
16000	350.7232	56394
18000	351.0127	55019
20000	351.3006	54230
22000	351.5995	53402
24000	351.8655	52537
26000	352.1302	52482
28000	352.4014	52412
30000	352.7229	52191
32000	353.0009	52177
34000	353.2773	52177
36000	353.5592	52177
38000	353.8391	52177
40000	354.1533	52177
42000	354.4172	52172
44000	354.6788	52172
46000	354.9503	52172
48000	355.2275	52162
50000	355.4943	52144
52000	355.7655	52144
54000	356.0463	52144
56000	356.3421	52144
58000	356.6330	52109
60000	356.9091	52109
62000	357.1768	52027
64000	357.4454	52027
66000	357.7346	52027
68000	358.0027	52027
70000	358.2849	52027
72000	358.5569	52027
74000	358.8648	52027
76000	359.1370	52027
78000	359.3986	52027
80000	359.6630	52027
82000	359.9667	52027
84000	360.2608	51989
86000	360.5319	51989
88000	360.7939	51989
90000	361.0535	51989
92000	361.3800	51989
94000	361.6480	51907
96000	361.9186	51907
98000	362.1776	51907
100000	362.4553	51907
102000	362.7302	51907
104000	362.9913	51907
106000	363.2588	51907
108000	363.5266	51907
110000	363.8076	51907
112000	364.0742	51907
114000	364.3388	51907
116000	364.6027	51907
118000	364.8787	51907
120000	365.1484	51907
122000	365.4069	51907
124000	365.6708	51907
126000	365.9502	51858
128000	366.2898	51858
130000	366.5494	51858
132000	366.8272	51858
134000	367.0986	51858
136000	367.4213	51858
138000	367.6994	51858
140000	367.9667	51858
142000	368.2347	51858
144000	368.4978	51858
146000	368.7802	51858
148000	369.0446	51858
150000	369.3136	51858
152000	369.5781	51858
154000	369.8704	51858
156000	370.1433	51858
158000	370.4119	51858
160000	370.6720	51858
162000	370.9457	51858
164000	371.2722	51858
166000	371.5334	51858
168000	371.7952	51858
170000	372.0600	51858
172000	372.3989	51858
174000	372.7244	51858
176000	372.9862	51858
178000	373.2971	51858
180000	373.5949	51858
182000	373.9038	51858
184000	374.2520	51858
186000	374.5757	51858
188000	374.8577	51858
190000	375.1321	51858
192000	375.4053	51858
194000	375.6679	51858
196000	375.9439	51858
198000	376.2121	51858
0	376.4925	726261
2000	380.3826	329803
4000	382.0909	210071
6000	383.0861	137703
8000	383.7237	97396
10000	384.1983	74526
12000	384.5698	62694
14000	384.8901	57945
16000	385.1933	55750
18000	385.5446	54100
20000	385.8434	53094
22000	386.1179	53070
24000	386.3865	52823
26000	386.6722	52668
28000	386.9463	52615
30000	387.2256	52615
32000	387.5159	52601
34000	387.7998	52601
36000	388.0837	52533
38000	388.3584	52515
40000	388.6277	52515
42000	388.8982	52407
44000	389.1998	52339
46000	389.4778	52339
48000	389.7495	52271
50000	390.0236	52271
52000	390.3422	52271
54000	390.6331	52203
56000	390.9001	52203
58000	391.1606	52203
60000	391.4237	52203
62000	391.7720	52203
64000	392.0406	52203
66000	392.3066	52203
68000	392.5649	52203
70000	392.8947	52203
72000	393.1580	52203
74000	393.4215	52203
76000	393.6934	52203
78000	393.9670	52203
80000	394.2513	52203
82000	394.5207	52203
84000	394.7934	52203
86000	395.0634	52203
88000	395.3525	52134
90000	395.6212	52134
92000	395.8975	52134
94000	396.1694	52134
96000	396.4423	52128
98000	396.7314	52128
100000	396.9912	52128
102000	397.2532	52128
104000	397.5273	52128
106000	397.8057	52128
108000	398.0680	52128
110000	398.3325	52128
112000	398.5902	52128
114000	398.8900	52128
116000	399.1552	52105
118000	399.4096	52105
120000	399.6612	52105
122000	399.9212	52105
124000	400.2034	52105
126000	400.4741	52099
128000	400.7374	52023
130000	401.0072	52023
132000	401.3079	52023
134000	401.5822	52023
136000	401.8472	52023
138000	402.1112	51988
140000	402.3716	51988
142000	402.6486	51988
144000	402.9135	51988
146000	403.1818	51988
148000	403.4428	51988
150000	403.7602	51965
152000	404.0235	51965
154000	404.2836	51915
156000	404.5466	51915
158000	404.8346	51915
160000	405.1273	51915
162000	405.3967	51915
164000	405.6544	51886
166000	405.9103	51886
168000	406.2422	51813
170000	406.5051	51799
172000	406.7729	51799
174000	407.0384	51799
176000	407.3070	51799
178000	407.5860	51799
180000	407.8664	51799
182000	408.1292	51799
184000	408.3965	51799
186000	408.6752	51799
188000	408.9515	51799
190000	409.2175	51799
192000	409.4849	51799
194000	409.7769	51799
196000	410.0396	51799
198000	410.2936	51799
0	410.5607	739067
2000	414.6241	339579
4000	416.4000	213729
6000	417.4305	140444
8000	418.0841	97519
10000	418.5660	74690
12000	418.9269	64466
14000	419.2475	58505
16000	419.5453	55273
18000	419.8451	54942
20000	420.1272	53954
22000	420.4054	53455
24000	420.7012	53361
26000	420.9802	53211
28000	421.2516	53027
30000	421.5218	52895
32000	421.7939	52811
34000	422.0754	52811
36000	422.3450	52811
38000	422.6120	52698
40000	422.8929	52698
42000	423.2199	52650
44000	423.4840	52438
46000	423.7510	52400
48000	424.0075	52333
50000	424.2783	52297
52000	424.5449	52297
54000	424.8222	52297
56000	425.0973	52297
58000	425.3601	52297
60000	425.6726	52237
62000	425.9419	52222
64000	426.2081	52120
66000	426.4772	52120
68000	426.8148	52120
70000	427.0947	52105
72000	427.3783	52105
74000	427.6466	52105
76000	427.9181	52105
78000	428.2462	52100
80000	428.5159	52100
82000	428.7851	52100
84000	429.0447	52100
86000	429.3308	52100
88000	429.5997	52100
90000	429.8720	52100
92000	430.1325	52081
94000	430.3914	52081
96000	430.6609	52081
98000	430.9293	52081
100000	431.1922	52081
102000	431.4492	52081
104000	431.7464	52081
106000	432.0325	52081
108000	432.2932	52081
110000	432.5608	52081
112000	432.8274	52081
114000	433.1078	52081
116000	433.3722	52081
118000	433.6386	52081
120000	433.9156	51910
122000	434.1855	51910
124000	434.4583	51859
126000	434.7259	51810
128000	434.9935	51810
130000	435.2604	51810
132000	435.5923	51810
134000	435.8763	51810
136000	436.1355	51810
138000	436.3920	51810
140000	436.6775	51810
142000	436.9361	51810
144000	437.2022	51810
146000	437.4639	51810
148000	437.7241	51810
150000	438.0444	51810
152000	438.3099	51810
154000	438.5718	51810
156000	438.8366	51810
158000	439.1377	51810
160000	439.4133	51810
162000	439.6813	51810
164000	439.9486	51810
166000	440.2146	51810
168000	440.5007	51810
170000	440.7703	51810
172000	441.0389	51810
174000	441.3038	51810
176000	441.6130	51810
178000	441.8874	51810
180000	442.1505	51810
182000	442.4147	51810
184000	442.6864	51810
186000	442.9660	51810
188000	443.2291	51810
190000	443.4926	51810
192000	443.7529	51810
194000	444.0790	51810
196000	444.3462	51810
198000	444.6278	51810
0	444.9142	725796
2000	448.9512	343304
4000	450.8107	221887
6000	451.8629	139141
8000	452.4958	99077
10000	452.9547	74450
12000	453.3085	63146
14000	453.6211	58265
16000	453.9382	56018
18000	454.2111	54201
20000	454.4866	53327
22000	454.7587	52982
24000	455.0538	52901
26000	455.3261	52658
28000	455.5994	52638
30000	455.8796	52510
32000	456.1661	52386
34000	456.4636	52386
36000	456.7266	52386
38000	456.9956	52386
40000	457.2623	52382
42000	457.6325	52277
44000	457.9080	52055
46000	458.1757	52055
48000	458.4359	52042
50000	458.7142	52042
52000	458.9827	52042
54000	459.2518	52042
56000	459.5121	52042
58000	459.7723	52042
60000	460.0496	52042
62000	460.3114	52026
64000	460.5701	51919
66000	460.8330	51919
68000	461.1157	51867
70000	461.3804	51851
72000	461.6393	51834
74000	461.9024	51834
76000	462.1771	51834
78000	462.4756	51834
80000	462.7474	51834
82000	463.0060	51834
84000	463.2644	51739
86000	463.5734	51703
88000	463.8379	51703
90000	464.0966	51703
92000	464.3669	51703
94000	464.6461	51703
96000	464.9237	51703
98000	465.1803	51703
100000	465.4403	51703
102000	465.7074	51703
104000	465.9819	51703
106000	466.2396	51703
108000	466.5073	51703
110000	466.7687	51703
112000	467.0308	51703
114000	467.3023	51703
116000	467.5602	51703
118000	467.8236	51703
120000	468.0834	51703
122000	468.4035	51703
124000	468.6810	51703
126000	468.9443	51703
128000	469.2062	51703
130000	469.4734	51703
132000	469.7901	51703
134000	470.0530	51703
136000	470.3090	51703
138000	470.5665	51703
140000	470.8376	51703
142000	471.1044	51703
144000	471.3684	51703
146000	471.6281	51703
148000	471.8884	51703
150000	472.1710	51703
152000	472.4283	51703
154000	472.6919	51703
156000	472.9656	51703
158000	473.2386	51703
160000	473.5041	51703
162000	473.7628	51703
164000	474.0223	51703
166000	474.2875	51703
168000	474.5984	51703
170000	474.8616	51700
172000	475.1272	51700
174000	475.3899	51700
176000	475.6996	51700
178000	475.9775	51700
180000	476.2326	51700
182000	476.4938	51700
184000	476.7550	51700
186000	477.0437	51700
188000	477.3082	51700
190000	477.5736	51700
192000	477.8372	51700
194000	478.0972	51700
196000	478.3777	51700
198000	478.6411	51700
