0	726800	0.01
2000	309455	23.10
4000	164710	31.16
6000	98045	35.26
8000	67743	37.92
10000	57027	39.74
12000	53444	41.37
14000	52002	42.87
16000	51714	44.64
18000	51675	46.74
20000	51550	49.05
22000	51512	51.30
24000	51505	53.66
26000	51505	55.80
28000	51504	58.18
30000	51504	60.65
32000	51504	62.97
34000	51504	65.45
36000	51504	67.92
38000	51504	70.16
40000	51504	72.61
42000	51504	74.81
44000	51504	77.08
46000	51504	79.38
48000	51504	81.61
50000	51504	83.93
52000	51504	86.29
54000	51504	88.42
56000	51504	90.71
58000	51504	92.90
60000	51504	95.22
62000	51504	97.56
64000	51504	99.83
66000	51504	102.09
68000	51504	104.42
70000	51504	106.63
72000	51504	109.00
74000	51504	111.18
76000	51504	113.51
78000	51504	115.93
80000	51504	118.14
82000	51504	120.51
84000	51504	122.99
86000	51504	125.36
88000	51504	127.80
90000	51504	130.19
92000	51504	132.66
94000	51504	135.03
96000	51504	137.43
98000	51504	139.81
100000	51504	142.26
102000	51504	144.57
104000	51504	146.90
106000	51504	149.08
108000	51504	151.33
110000	51504	153.54
112000	51504	155.71
114000	51504	158.02
116000	51504	160.46
118000	51504	162.74
120000	51504	165.04
122000	51504	167.16
124000	51504	169.42
126000	51504	171.67
128000	51504	173.86
130000	51504	176.17
132000	51504	178.46
134000	51504	180.64
136000	51504	182.91
138000	51504	185.08
140000	51504	187.29
142000	51504	189.55
144000	51504	191.83
146000	51504	194.08
148000	51504	196.47
150000	51504	198.86
152000	51504	201.23
154000	51504	203.60
156000	51504	205.88
158000	51504	208.13
160000	51504	210.43
162000	51504	212.70
164000	51504	214.80
166000	51504	217.12
168000	51504	219.34
170000	51504	221.60
172000	51504	223.94
174000	51504	226.19
176000	51504	228.53
178000	51504	230.89
180000	51504	233.17
182000	51504	235.35
184000	51504	237.62
186000	51504	239.87
188000	51504	242.08
190000	51504	244.36
192000	51504	246.53
194000	51504	248.87
196000	51504	251.18
198000	51504	253.34
200000	51504	255.66
202000	51504	257.94
204000	51504	260.20
206000	51504	262.40
208000	51504	264.55
210000	51504	266.86
212000	51504	269.16
214000	51504	271.39
216000	51504	273.68
218000	51504	275.99
220000	51504	278.28
222000	51504	280.76
224000	51504	283.12
226000	51504	285.56
228000	51504	287.97
230000	51504	290.15
232000	51504	292.53
234000	51504	294.99
236000	51504	297.33
238000	51504	299.84
240000	51504	302.15
242000	51504	304.52
244000	51504	306.88
246000	51504	309.26
248000	51504	311.59
250000	51504	313.96
252000	51504	316.24
254000	51504	318.73
256000	51504	321.04
258000	51504	323.47
260000	51504	325.92
262000	51504	328.33
264000	51504	330.72
266000	51504	333.12
268000	51504	335.45
270000	51504	337.85
272000	51504	340.09
274000	51504	342.38
276000	51504	344.65
278000	51504	346.87
280000	51504	349.15
282000	51504	351.55
284000	51504	353.95
286000	51504	356.55
288000	51504	359.17
290000	51504	361.67
292000	51504	364.14
294000	51504	366.60
296000	51504	369.03
298000	51504	371.55
300000	51504	373.82
302000	51504	376.28
304000	51504	378.68
306000	51504	380.84
308000	51504	383.20
310000	51504	385.49
312000	51504	387.75
314000	51504	390.11
316000	51504	392.29
318000	51504	394.58
320000	51504	396.99
322000	51504	399.35
324000	51504	401.81
326000	51504	404.10
328000	51504	406.35
330000	51504	408.71
332000	51504	411.11
334000	51504	413.51
336000	51504	415.80
338000	51504	418.12
340000	51504	420.37
342000	51504	422.62
344000	51504	425.00
346000	51504	427.40
348000	51504	429.82
350000	51504	432.25
352000	51504	434.64
354000	51504	437.18
356000	51504	439.63
358000	51504	442.10
360000	51504	444.48
362000	51504	446.86
364000	51504	449.14
366000	51504	451.38
368000	51504	453.67
370000	51504	455.89
372000	51504	458.26
374000	51504	460.80
376000	51504	463.24
378000	51504	465.69
380000	51504	468.15
382000	51504	470.50
384000	51504	472.95
386000	51504	475.33
388000	51432	477.72
390000	51432	480.20
392000	51432	482.55
394000	51432	485.01
396000	51432	487.51
398000	51432	489.97
400000	51432	492.42
402000	51432	494.89
404000	51432	497.28
406000	51432	499.65
408000	51432	502.08
410000	51432	504.32
412000	51432	506.60
414000	51432	508.89
416000	51432	511.32
418000	51432	513.83
420000	51432	516.42
422000	51432	518.78
424000	51432	521.23
426000	51432	523.56
428000	51432	525.83
430000	51432	528.13
432000	51432	530.34
434000	51432	532.67
436000	51432	535.10
438000	51432	537.52
440000	51432	539.69
442000	51432	542.00
444000	51432	544.14
446000	51432	546.44
448000	51432	548.77
450000	51432	551.00
452000	51432	553.39
454000	51432	555.69
456000	51432	557.88
458000	51432	560.16
460000	51432	562.32
462000	51432	564.75
464000	51432	567.06
466000	51432	569.59
468000	51432	571.88
470000	51432	574.25
472000	51432	576.64
474000	51432	579.09
476000	51432	581.52
478000	51432	583.85
480000	51432	585.99
482000	51432	588.23
484000	51432	590.53
486000	51432	592.74
488000	51432	595.15
490000	51432	597.33
492000	51432	599.59
494000	51432	601.93
496000	51432	604.12
498000	51432	606.43
500000	51432	608.74
502000	51432	611.02
504000	51432	613.30
506000	51432	615.54
508000	51432	617.79
510000	51432	620.05
512000	51432	622.26
514000	51432	624.73
516000	51432	627.21
518000	51432	629.51
520000	51432	631.80
522000	51432	633.93
524000	51432	636.22
526000	51432	638.53
528000	51432	640.75
530000	51432	643.02
532000	51432	645.33
534000	51432	647.53
536000	51432	649.84
538000	51432	652.06
540000	51432	654.36
542000	51432	656.63
544000	51432	658.83
546000	51432	661.26
548000	51432	663.66
550000	51432	666.03
552000	51432	668.33
554000	51432	670.48
556000	51432	672.79
558000	51432	675.05
560000	51432	677.23
562000	51432	679.54
564000	51432	681.81
566000	51432	684.01
568000	51432	686.41
570000	51432	688.89
572000	51432	691.24
574000	51432	693.43
576000	51432	695.75
578000	51432	698.08
580000	51432	700.37
582000	51432	702.67
584000	51432	704.91
586000	51432	707.32
588000	51432	709.84
590000	51432	712.35
592000	51432	714.83
594000	51432	717.27
596000	51432	719.64
598000	51432	721.90
